90600 6.765000e-05 -1.980000e-05
91200 6.765000e-05 -1.815000e-05
91800 6.765000e-05 -1.650000e-05
92400 6.600000e-05 -2.145000e-05
93000 6.765000e-05 -1.815000e-05
93600 6.765000e-05 -2.145000e-05
94200 6.765000e-05 -1.980000e-05
94800 6.930000e-05 -1.485000e-05
95400 7.095000e-05 -1.155000e-05
96000 8.415000e-05 -1.155000e-05
96600 7.755000e-05 -9.900000e-06
97200 7.590000e-05 -1.155000e-05
97800 7.260000e-05 -1.155000e-05
98400 7.425000e-05 -1.320000e-05
99000 7.425000e-05 -1.320000e-05
99600 7.755000e-05 -1.320000e-05
100200 7.260000e-05 -1.485000e-05
100800 7.755000e-05 -1.320000e-05
101400 7.260000e-05 -1.155000e-05
102000 7.590000e-05 -1.485000e-05
102600 7.425000e-05 -1.320000e-05
103200 7.425000e-05 -1.320000e-05
103800 7.425000e-05 -8.250000e-06
104400 6.600000e-05 -2.145000e-05
105000 6.765000e-05 -1.815000e-05
105600 7.095000e-05 -1.485000e-05
106200 7.095000e-05 -1.155000e-05
106800 6.930000e-05 -1.650000e-05
107400 6.765000e-05 -1.980000e-05
108000 6.930000e-05 -1.980000e-05
108600 6.930000e-05 -1.980000e-05
109200 7.260000e-05 -1.155000e-05
109800 7.095000e-05 -1.155000e-05
110400 6.765000e-05 -1.815000e-05
111000 6.765000e-05 -1.980000e-05
111600 7.095000e-05 -1.815000e-05
112200 6.930000e-05 -1.155000e-05
112800 7.095000e-05 -1.980000e-05
113400 7.425000e-05 -1.980000e-05
114000 7.095000e-05 -1.650000e-05
114600 6.930000e-05 -1.485000e-05
115200 7.425000e-05 -1.485000e-05
115800 7.425000e-05 -1.155000e-05
116400 7.095000e-05 -1.320000e-05
117000 7.425000e-05 -8.250000e-06
117600 7.425000e-05 -9.900000e-06
118200 7.260000e-05 -9.900000e-06
118800 7.590000e-05 -8.250000e-06
119400 7.425000e-05 -8.250000e-06
120000 7.755000e-05 -9.900000e-06
120600 7.590000e-05 -1.155000e-05
121200 7.260000e-05 -9.900000e-06
121800 7.260000e-05 -1.155000e-05
122400 7.425000e-05 -9.900000e-06
123000 7.755000e-05 -8.250000e-06
123600 7.920000e-05 -1.155000e-05
124200 7.590000e-05 -8.250000e-06
124800 7.590000e-05 -9.900000e-06
125400 7.425000e-05 -9.900000e-06
126000 7.260000e-05 -9.900000e-06
126600 7.590000e-05 -6.600000e-06
127200 7.590000e-05 -9.900000e-06
127800 7.425000e-05 -1.320000e-05
128400 7.260000e-05 -1.320000e-05
129000 6.930000e-05 -2.227500e-05
129600 7.260000e-05 -1.650000e-05
130200 6.930000e-05 -1.320000e-05
130800 6.930000e-05 -1.320000e-05
131400 7.095000e-05 -1.320000e-05
132000 7.425000e-05 -8.250000e-06
132600 7.425000e-05 -9.900000e-06
133200 7.425000e-05 -1.155000e-05
133800 7.425000e-05 -9.900000e-06
134400 6.765000e-05 -9.900000e-06
135000 6.765000e-05 -8.250000e-06
135600 6.930000e-05 -8.250000e-06
136200 7.260000e-05 -1.320000e-05
136800 7.590000e-05 -1.320000e-05
137400 7.590000e-05 -1.155000e-05
138000 7.095000e-05 -1.155000e-05
138600 7.425000e-05 -9.900000e-06
139200 7.260000e-05 -1.155000e-05
139800 7.425000e-05 -9.900000e-06
140400 7.095000e-05 -1.485000e-05
141000 7.095000e-05 -1.320000e-05
141600 7.425000e-05 -1.155000e-05
142200 7.590000e-05 -9.900000e-06
142800 7.755000e-05 -9.900000e-06
143400 7.755000e-05 -9.900000e-06
144000 7.425000e-05 -9.900000e-06
144600 7.755000e-05 -9.900000e-06
145200 8.085000e-05 -6.600000e-06
145800 8.085000e-05 -6.600000e-06
146400 7.755000e-05 -8.250000e-06
147000 7.755000e-05 -1.320000e-05
147600 8.415000e-05 -1.650000e-06
148200 8.580000e-05 -3.300000e-06
148800 9.405000e-05 0
149400 9.405000e-05 0
150000 8.415000e-05 -1.650000e-06
150600 8.580000e-05 1.650000e-06
151200 8.085000e-05 -1.650000e-06
151800 8.580000e-05 3.300000e-06
152400 8.910000e-05 3.300000e-06
153000 8.415000e-05 1.650000e-06
153600 8.745000e-05 1.650000e-06
154200 8.745000e-05 3.300000e-06
154800 9.075000e-05 4.950000e-06
155400 9.075000e-05 6.600000e-06
156000 9.240000e-05 6.600000e-06
156600 9.240000e-05 6.600000e-06
157200 9.075000e-05 8.250000e-06
157800 9.240000e-05 4.950000e-06
158400 9.570000e-05 3.300000e-06
159000 9.405000e-05 3.300000e-06
159600 1.006500e-04 1.155000e-05
160200 9.240000e-05 9.900000e-06
160800 9.570000e-05 1.155000e-05
161400 9.570000e-05 9.900000e-06
162000 9.735000e-05 1.485000e-05
162600 9.735000e-05 1.155000e-05
163200 9.735000e-05 1.155000e-05
163800 9.570000e-05 1.320000e-05
164400 9.900000e-05 1.155000e-05
165000 1.023000e-04 1.485000e-05
165600 1.023000e-04 1.485000e-05
166200 9.900000e-05 1.320000e-05
166800 1.023000e-04 1.650000e-05
167400 1.006500e-04 1.815000e-05
168000 1.023000e-04 1.650000e-05
168600 1.023000e-04 2.640000e-05
169200 9.900000e-05 2.310000e-05
169800 1.006500e-04 1.980000e-05
170400 1.006500e-04 1.980000e-05
171000 1.056000e-04 1.980000e-05
171600 1.023000e-04 1.980000e-05
172200 9.900000e-05 1.980000e-05
172800 1.023000e-04 2.310000e-05
173400 9.570000e-05 2.310000e-05
174000 1.072500e-04 2.475000e-05
174600 1.039500e-04 2.640000e-05
175200 1.039500e-04 2.805000e-05
175800 1.089000e-04 2.805000e-05
176400 1.039500e-04 2.475000e-05
177000 1.031250e-04 2.145000e-05
177600 1.031250e-04 2.475000e-05
178200 1.047750e-04 2.475000e-05
178800 1.031250e-04 2.310000e-05
179400 1.031250e-04 2.640000e-05
180000 1.031250e-04 2.640000e-05
180600 1.014750e-04 2.640000e-05
181200 1.014750e-04 2.640000e-05
181800 1.014750e-04 2.640000e-05
182400 1.014750e-04 2.640000e-05
183000 1.014750e-04 2.970000e-05
183600 1.014750e-04 2.970000e-05
184200 1.014750e-04 2.805000e-05
184800 1.014750e-04 2.805000e-05
185400 1.014750e-04 2.640000e-05
186000 1.031250e-04 2.970000e-05
186600 1.014750e-04 2.475000e-05
187200 1.031250e-04 2.640000e-05
187800 1.031250e-04 2.475000e-05
188400 1.014750e-04 2.145000e-05
189000 1.014750e-04 2.475000e-05
189600 1.047750e-04 2.640000e-05
190200 1.031250e-04 2.970000e-05
190800 1.031250e-04 2.970000e-05
191400 1.031250e-04 2.970000e-05
192000 1.031250e-04 2.970000e-05
192600 1.031250e-04 2.805000e-05
193200 1.031250e-04 2.970000e-05
193800 1.031250e-04 2.970000e-05
194400 1.031250e-04 2.805000e-05
195000 1.031250e-04 2.805000e-05
195600 1.031250e-04 2.640000e-05
196200 1.031250e-04 2.640000e-05
196800 1.031250e-04 2.640000e-05
197400 1.064250e-04 2.970000e-05
198000 1.064250e-04 2.970000e-05
198600 1.064250e-04 2.970000e-05
199200 1.064250e-04 2.970000e-05
199800 1.080750e-04 3.465000e-05
200400 1.080750e-04 3.465000e-05
201000 1.064250e-04 3.300000e-05
201600 1.064250e-04 3.135000e-05
202200 1.130250e-04 3.300000e-05
202800 1.113750e-04 3.300000e-05
203400 1.097250e-04 3.135000e-05
204000 1.097250e-04 3.135000e-05
204600 1.097250e-04 3.135000e-05
205200 1.097250e-04 3.135000e-05
205800 1.097250e-04 3.135000e-05
206400 1.097250e-04 3.135000e-05
207000 1.097250e-04 3.135000e-05
207600 1.097250e-04 3.135000e-05
208200 1.097250e-04 3.135000e-05
208800 1.097250e-04 3.135000e-05
209400 1.097250e-04 3.135000e-05
210000 1.097250e-04 3.135000e-05
210600 1.097250e-04 3.135000e-05
211200 1.097250e-04 3.135000e-05
211800 1.097250e-04 3.135000e-05
212400 1.097250e-04 3.135000e-05
213000 1.097250e-04 3.135000e-05
213600 1.097250e-04 3.135000e-05
214200 1.097250e-04 3.465000e-05
214800 1.113750e-04 2.970000e-05
215400 1.113750e-04 2.970000e-05
216000 1.113750e-04 2.970000e-05
216600 1.113750e-04 2.970000e-05
217200 1.130250e-04 3.300000e-05
217800 1.130250e-04 3.300000e-05
218400 1.130250e-04 3.300000e-05
219000 1.130250e-04 3.300000e-05
219600 1.130250e-04 3.300000e-05
220200 1.146750e-04 3.795000e-05
220800 1.130250e-04 3.465000e-05
221400 1.146750e-04 3.630000e-05
222000 1.146750e-04 3.630000e-05
222600 1.130250e-04 3.630000e-05
223200 1.146750e-04 3.630000e-05
223800 1.146750e-04 3.630000e-05
224400 1.146750e-04 3.630000e-05
225000 1.146750e-04 3.630000e-05
225600 1.146750e-04 3.630000e-05
226200 1.146750e-04 3.630000e-05
226800 1.146750e-04 3.630000e-05
227400 1.146750e-04 3.630000e-05
228000 1.146750e-04 3.630000e-05
228600 1.146750e-04 3.630000e-05
229200 1.146750e-04 3.630000e-05
229800 1.146750e-04 3.630000e-05
230400 1.146750e-04 3.630000e-05
231000 1.146750e-04 3.630000e-05
231600 1.146750e-04 3.630000e-05
232200 1.146750e-04 3.630000e-05
232800 1.146750e-04 3.630000e-05
233400 1.146750e-04 3.630000e-05
234000 1.146750e-04 3.630000e-05
234600 1.146750e-04 3.630000e-05
235200 1.146750e-04 3.630000e-05
235800 1.146750e-04 3.630000e-05
236400 1.146750e-04 3.630000e-05
237000 1.146750e-04 3.630000e-05
237600 1.146750e-04 3.630000e-05
238200 1.146750e-04 3.630000e-05
238800 1.146750e-04 3.630000e-05
239400 1.146750e-04 3.630000e-05
240000 1.146750e-04 3.630000e-05
240600 1.146750e-04 3.630000e-05
241200 1.146750e-04 3.630000e-05
241800 1.146750e-04 3.630000e-05
242400 1.146750e-04 3.630000e-05
243000 1.130250e-04 3.630000e-05
243600 1.130250e-04 3.630000e-05
244200 1.130250e-04 3.630000e-05
244800 1.130250e-04 3.630000e-05
245400 1.130250e-04 3.630000e-05
246000 1.130250e-04 3.465000e-05
246600 1.130250e-04 3.465000e-05
247200 1.146750e-04 3.795000e-05
247800 1.146750e-04 3.795000e-05
248400 1.146750e-04 3.795000e-05
249000 1.146750e-04 3.795000e-05
249600 1.146750e-04 3.795000e-05
250200 1.146750e-04 3.795000e-05
250800 1.146750e-04 3.795000e-05
251400 1.146750e-04 3.795000e-05
252000 1.146750e-04 3.795000e-05
252600 1.146750e-04 3.795000e-05
253200 1.146750e-04 3.795000e-05
253800 1.146750e-04 3.795000e-05
254400 1.146750e-04 3.795000e-05
255000 1.146750e-04 3.795000e-05
255600 1.146750e-04 3.795000e-05
256200 1.146750e-04 3.795000e-05
256800 1.146750e-04 3.795000e-05
257400 1.146750e-04 3.795000e-05
258000 1.146750e-04 3.795000e-05
258600 1.146750e-04 3.795000e-05
259200 1.146750e-04 3.795000e-05
259800 1.146750e-04 3.795000e-05
260400 1.146750e-04 3.795000e-05
261000 1.146750e-04 3.795000e-05
261600 1.146750e-04 3.795000e-05
262200 1.146750e-04 3.795000e-05
262800 1.146750e-04 3.795000e-05
263400 1.146750e-04 3.795000e-05
264000 1.146750e-04 3.795000e-05
264600 1.146750e-04 3.795000e-05
265200 1.146750e-04 3.795000e-05
265800 1.146750e-04 3.795000e-05
266400 1.146750e-04 3.795000e-05
267000 1.146750e-04 4.290000e-05
267600 1.130250e-04 3.465000e-05
268200 1.163250e-04 3.630000e-05
268800 1.163250e-04 3.960000e-05
269400 1.163250e-04 4.125000e-05
270000 1.163250e-04 4.125000e-05
270600 1.146750e-04 4.125000e-05
271200 1.146750e-04 3.300000e-05
271800 1.130250e-04 3.465000e-05
272400 1.130250e-04 3.795000e-05
273000 1.179750e-04 4.125000e-05
273600 1.179750e-04 4.125000e-05
274200 1.179750e-04 3.630000e-05
274800 1.179750e-04 3.960000e-05
275400 1.179750e-04 3.960000e-05
276000 1.179750e-04 3.960000e-05
276600 1.179750e-04 3.960000e-05
277200 1.179750e-04 3.960000e-05
277800 1.179750e-04 3.960000e-05
278400 1.179750e-04 3.960000e-05
279000 1.179750e-04 3.960000e-05
279600 1.179750e-04 3.960000e-05
280200 1.179750e-04 3.960000e-05
280800 1.196250e-04 4.290000e-05
281400 1.179750e-04 3.960000e-05
282000 1.179750e-04 3.960000e-05
282600 1.179750e-04 3.960000e-05
283200 1.163250e-04 3.960000e-05
283800 1.179750e-04 3.960000e-05
284400 1.179750e-04 3.630000e-05
285000 1.179750e-04 3.795000e-05
285600 1.179750e-04 3.795000e-05
286200 1.179750e-04 3.795000e-05
286800 1.179750e-04 3.960000e-05
287400 1.196250e-04 4.125000e-05
288000 1.196250e-04 3.795000e-05
288600 1.196250e-04 3.795000e-05
289200 1.229250e-04 4.455000e-05
289800 1.229250e-04 4.125000e-05
290400 1.229250e-04 4.125000e-05
291000 1.229250e-04 4.125000e-05
291600 1.229250e-04 4.125000e-05
292200 1.212750e-04 3.960000e-05
292800 1.212750e-04 4.125000e-05
293400 1.196250e-04 4.125000e-05
294000 1.196250e-04 4.125000e-05
294600 1.196250e-04 4.125000e-05
295200 1.196250e-04 3.960000e-05
295800 1.196250e-04 3.960000e-05
296400 1.196250e-04 4.125000e-05
297000 1.196250e-04 4.125000e-05
297600 1.196250e-04 3.960000e-05
298200 1.196250e-04 3.960000e-05
298800 1.196250e-04 3.960000e-05
299400 1.196250e-04 3.960000e-05
300000 1.196250e-04 3.960000e-05
300600 1.196250e-04 3.960000e-05
301200 1.179750e-04 4.125000e-05
301800 1.179750e-04 4.125000e-05
302400 1.179750e-04 4.125000e-05
303000 1.179750e-04 4.125000e-05
303600 1.179750e-04 4.125000e-05
304200 1.179750e-04 3.960000e-05
304800 1.179750e-04 3.960000e-05
305400 1.179750e-04 3.960000e-05
306000 1.179750e-04 3.960000e-05
306600 1.179750e-04 3.960000e-05
307200 1.179750e-04 3.960000e-05
307800 1.179750e-04 3.960000e-05
308400 1.179750e-04 3.960000e-05
309000 1.179750e-04 3.960000e-05
309600 1.179750e-04 3.960000e-05
310200 1.179750e-04 3.960000e-05
310800 1.179750e-04 3.960000e-05
311400 1.179750e-04 3.960000e-05
312000 1.179750e-04 3.960000e-05
312600 1.179750e-04 3.960000e-05
313200 1.179750e-04 3.960000e-05
313800 1.179750e-04 3.960000e-05
314400 1.179750e-04 3.960000e-05
315000 1.179750e-04 3.960000e-05
315600 1.179750e-04 3.960000e-05
316200 1.179750e-04 3.960000e-05
316800 1.179750e-04 3.960000e-05
317400 1.179750e-04 3.960000e-05
318000 1.179750e-04 3.960000e-05
318600 1.179750e-04 3.960000e-05
319200 1.179750e-04 3.960000e-05
319800 1.179750e-04 3.960000e-05
