2709.948000 8.782409e-10 3.605840e-04
4372.362000 1.535846e-09 3.620440e-04
6035.940000 1.316185e-09 3.645990e-04
7699.080000 1.316739e-09 3.667880e-04
9362.280000 1.097560e-09 3.689780e-04
11025.060000 9.757376e-10 3.708030e-04
12895.440000 7.807403e-10 3.726280e-04
14765.460000 5.851331e-10 3.740880e-04
16635.120000 7.807403e-10 3.751820e-04
18505.140000 9.757063e-10 3.766420e-04
20375.580000 7.807403e-10 3.784670e-04
22245.600000 1.316739e-09 3.799270e-04
23908.800000 1.097560e-09 3.821170e-04
25571.580000 1.535262e-09 3.839420e-04
27235.140000 1.316786e-09 3.864960e-04
28898.280000 1.053695e-09 3.886860e-04
29937.480000 1.316739e-09 3.897810e-04
31600.680000 5.856680e-10 3.919710e-04
33470.340000 5.271367e-10 3.930660e-04
35547.600000 1.757782e-10 3.941610e-04
37624.080000 3.899981e-10 3.945260e-04
39493.320000 5.271367e-10 3.952550e-04
41570.580000 7.807153e-10 3.963500e-04
43440.660000 1.016770e-09 3.978100e-04
47389.440000 1.316739e-09 4.018250e-04
49052.640000 1.754588e-09 4.040150e-04
52172.460000 1.754856e-09 4.094890e-04
53628.420000 1.535863e-09 4.120440e-04
55291.980000 1.503909e-09 4.145990e-04
56747.520000 1.535863e-09 4.167880e-04
58411.080000 1.754695e-09 4.193430e-04
60283.200000 1.754603e-09 4.226280e-04
61738.800000 2.005219e-09 4.251820e-04
63195.000000 2.046292e-09 4.281020e-04
64443.600000 2.005219e-09 4.306570e-04
65899.800000 2.045491e-09 4.335770e-04
67148.400000 2.005219e-09 4.361310e-04
68604.600000 2.047276e-09 4.390510e-04
69852.600000 2.004393e-09 4.416060e-04
71309.400000 1.754603e-09 4.445260e-04
72765.000000 1.504534e-09 4.470800e-04
75676.200000 1.316739e-09 4.514600e-04
77339.400000 1.316138e-09 4.536500e-04
79002.600000 5.856868e-10 4.558390e-04
80872.200000 7.026663e-10 4.569340e-04
82950.000000 7.806652e-10 4.583940e-04
84820.200000 7.809157e-10 4.598540e-04
86689.800000 1.316739e-09 4.613140e-04
88353.000000 1.364754e-09 4.635040e-04
90224.400000 1.504534e-09 4.660580e-04
91680.000000 1.536195e-09 4.682480e-04
93343.200000 9.755185e-10 4.708030e-04
95214.000000 7.809157e-10 4.726280e-04
97083.600000 1.096681e-09 4.740880e-04
98746.800000 9.758315e-10 4.759120e-04
100617.000000 7.806652e-10 4.777370e-04
102487.200000 7.809157e-10 4.791970e-04
104356.800000 7.026663e-10 4.806570e-04
106434.600000 1.097282e-09 4.821170e-04
108097.800000 1.316613e-09 4.839420e-04
109760.400000 1.316739e-09 4.861310e-04
111423.600000 1.754567e-09 4.883210e-04
112879.800000 1.754567e-09 4.908760e-04
114336.000000 1.754603e-09 4.934310e-04
115791.600000 1.930103e-09 4.959850e-04
119952.000000 1.753880e-09 5.040150e-04
121408.200000 1.754567e-09 5.065690e-04
122864.400000 1.536195e-09 5.091240e-04
124527.600000 1.504534e-09 5.116790e-04
125983.200000 1.316138e-09 5.138690e-04
127646.400000 1.535641e-09 5.160580e-04
129310.200000 8.784597e-10 5.186130e-04
130972.200000 9.755185e-10 5.200730e-04
132843.000000 1.757681e-10 5.218980e-04
134919.600000 -1.758697e-10 5.222630e-04
136995.000000 -5.864396e-10 5.218980e-04
138862.200000 -5.276091e-10 5.208030e-04
140937.600000 -7.821708e-10 5.197080e-04
142804.200000 -7.819195e-10 5.182480e-04
144671.400000 -3.517394e-10 5.167880e-04
146746.800000 -1.953543e-10 5.160580e-04
148615.200000 -2.198530e-10 5.156930e-04
150275.400000 0 5.153280e-04
152351.400000 1.757681e-10 5.153280e-04
154428.000000 0 5.156930e-04
156504.000000 0 5.156930e-04
158580.600000 1.953543e-10 5.156930e-04
