90002.000000 9.924624e-09 3.848809e-04
90602.000000 1.183844e-10 3.908357e-04
129602.000000 4.394596e-10 3.954527e-04
144602.000000 2.812061e-09 4.020446e-04
148202.000000 1.625362e-08 4.121680e-04
148802.000000 9.454550e-09 4.219202e-04
150002.000000 6.539478e-09 4.332656e-04
151802.000000 3.772776e-09 4.450367e-04
154202.000000 5.036652e-09 4.540913e-04
156002.000000 6.956655e-09 4.631573e-04
157202.000000 1.207288e-08 4.715053e-04
157802.000000 3.559230e-09 4.787490e-04
160202.000000 8.126808e-09 4.872912e-04
160802.000000 6.222222e-09 4.921673e-04
162002.000000 9.179560e-09 4.996339e-04
163202.000000 3.847492e-09 5.106494e-04
164402.000000 0 5.152664e-04
