25571.580000 1.535262e-09 3.839420e-04
27235.140000 1.316786e-09 3.864960e-04
28898.280000 1.053695e-09 3.886860e-04
29937.480000 1.316739e-09 3.897810e-04
31600.680000 5.856680e-10 3.919710e-04
33470.340000 5.271367e-10 3.930660e-04
35547.600000 1.757782e-10 3.941610e-04
37624.080000 3.899981e-10 3.945260e-04
39493.320000 5.271367e-10 3.952550e-04
41570.580000 7.807153e-10 3.963500e-04
43440.660000 1.016770e-09 3.978100e-04
47389.440000 1.316739e-09 4.018250e-04
49052.640000 1.032787e-09 4.040150e-04
52585.800000 5.856680e-10 4.076640e-04
54455.460000 0 4.087590e-04
56531.580000 -3.517394e-10 4.087590e-04
58606.980000 -2.512009e-10 4.080290e-04
60060.000000 -1.758697e-10 4.076640e-04
62135.400000 0 4.072990e-04
64212.000000 0 4.072990e-04
66288.000000 1.757681e-10 4.072990e-04
68364.600000 1.097678e-09 4.076640e-04
70027.200000 9.758315e-10 4.094890e-04
71897.400000 1.754567e-09 4.113140e-04
73353.600000 1.754603e-09 4.138690e-04
74809.200000 1.754567e-09 4.164230e-04
76265.400000 2.338619e-09 4.189780e-04
77514.000000 2.338619e-09 4.218980e-04
78762.600000 2.337818e-09 4.248180e-04
80011.200000 2.337496e-09 4.277370e-04
81260.400000 2.338619e-09 4.306570e-04
82509.000000 2.337818e-09 4.335770e-04
83757.600000 2.005219e-09 4.364960e-04
85213.800000 1.754567e-09 4.394160e-04
86670.000000 2.047276e-09 4.419710e-04
87918.000000 1.753880e-09 4.445260e-04
89374.200000 1.109085e-09 4.470800e-04
93323.400000 7.806652e-10 4.514600e-04
95193.600000 7.809157e-10 4.529200e-04
97063.200000 5.266705e-10 4.543800e-04
99140.400000 7.806652e-10 4.554740e-04
101010.600000 7.806652e-10 4.569340e-04
102880.800000 7.806652e-10 4.583940e-04
104751.000000 7.809157e-10 4.598540e-04
106620.600000 9.755185e-10 4.613140e-04
108491.400000 7.809157e-10 4.631390e-04
110361.000000 9.749840e-10 4.645990e-04
112231.800000 7.809157e-10 4.664230e-04
114101.400000 5.271519e-10 4.678830e-04
116178.600000 5.854989e-10 4.689780e-04
118048.800000 5.856868e-10 4.700730e-04
119918.400000 3.515362e-10 4.711680e-04
121995.000000 1.952916e-10 4.718980e-04
123864.000000 1.757681e-10 4.722630e-04
125940.600000 0 4.726280e-04
128016.600000 1.757681e-10 4.726280e-04
130093.200000 1.757681e-10 4.729930e-04
132169.800000 1.953543e-10 4.733580e-04
134038.200000 1.757681e-10 4.737230e-04
136114.800000 3.514346e-10 4.740880e-04
138192.000000 3.900482e-10 4.748180e-04
140061.000000 1.757681e-10 4.755470e-04
142137.600000 1.757681e-10 4.759120e-04
144214.200000 -1.758697e-10 4.762770e-04
146289.600000 -3.908341e-10 4.759120e-04
148157.400000 -3.512576e-10 4.751820e-04
150232.800000 -3.517394e-10 4.744530e-04
152308.200000 -3.768325e-10 4.737230e-04
155214.000000 -3.517394e-10 4.726280e-04
157289.400000 -1.954171e-10 4.718980e-04
159157.200000 0 4.715330e-04
