-2.169750e-04 5.857500e-05
-2.120250e-04 3.382500e-05
-2.004750e-04 2.557500e-05
-1.757250e-04 2.227500e-05
-1.575750e-04 1.072500e-05
-1.493250e-04 1.072500e-05
-1.410750e-04 -2.475000e-06
-1.311750e-04 -9.075000e-06
-1.278750e-04 -2.062500e-05
-1.245750e-04 -2.062500e-05
-1.179750e-04 -1.567500e-05
-9.157500e-05 -3.547500e-05
-6.847500e-05 -5.197500e-05
-6.682500e-05 -6.187500e-05
-3.382500e-05 -6.682500e-05
-2.887500e-05 -6.187500e-05
-2.392500e-05 -6.682500e-05
-1.402500e-05 -5.692500e-05
7.425000e-06 -5.362500e-05
