15602.000000 1.415913e-08 9.744666e-05
16202.000000 4.518410e-08 1.059421e-04
16802.000000 2.946433e-09 1.330526e-04
19802.000000 2.195180e-09 1.418919e-04
23402.000000 9.909357e-10 1.497945e-04
28202.000000 2.316890e-09 1.545510e-04
31202.000000 5.689280e-09 1.615017e-04
33002.000000 3.814102e-09 1.717424e-04
34802.000000 4.356713e-11 1.786078e-04
53402.000000 1.413020e-08 1.794181e-04
54002.000000 1.948554e-09 1.878963e-04
57002.000000 1.781843e-09 1.937419e-04
63002.000000 1.331340e-09 2.044330e-04
67202.000000 2.792670e-09 2.100246e-04
72602.000000 2.227304e-09 2.251050e-04
77402.000000 7.361315e-09 2.357961e-04
79202.000000 6.495181e-09 2.490465e-04
81002.000000 6.495181e-09 2.607378e-04
82802.000000 3.247591e-09 2.724291e-04
86402.000000 3.636421e-08 2.841204e-04
87002.000000 3.261559e-09 3.059390e-04
89402.000000 5.559961e-09 3.137667e-04
91202.000000 3.700517e-09 3.237746e-04
95402.000000 0 3.393168e-04
