233400 6.930000e-05 -9.900000e-06
234000 6.930000e-05 -9.900000e-06
234600 6.930000e-05 -9.900000e-06
235200 6.930000e-05 -9.900000e-06
235800 6.930000e-05 -9.900000e-06
236400 6.930000e-05 -9.900000e-06
237000 6.930000e-05 -9.900000e-06
237600 6.930000e-05 -9.900000e-06
238200 6.930000e-05 -9.900000e-06
238800 6.930000e-05 -9.900000e-06
239400 6.930000e-05 -9.900000e-06
240000 6.930000e-05 -9.900000e-06
240600 6.930000e-05 -9.900000e-06
241200 6.930000e-05 -9.900000e-06
241800 6.930000e-05 -8.250000e-06
242400 6.930000e-05 -6.600000e-06
243000 6.930000e-05 -6.600000e-06
243600 6.765000e-05 0
244200 6.765000e-05 -1.650000e-06
244800 6.765000e-05 -1.650000e-06
245400 6.765000e-05 -1.650000e-06
246000 6.765000e-05 -1.650000e-06
246600 6.765000e-05 -1.650000e-06
247200 6.765000e-05 -1.650000e-06
247800 6.930000e-05 -3.300000e-06
248400 6.930000e-05 -3.300000e-06
249000 6.930000e-05 -3.300000e-06
249600 6.930000e-05 -3.300000e-06
250200 6.930000e-05 -3.300000e-06
250800 7.095000e-05 -3.300000e-06
251400 7.095000e-05 -3.300000e-06
252000 7.095000e-05 -3.300000e-06
252600 6.930000e-05 -3.300000e-06
253200 6.930000e-05 -3.300000e-06
253800 6.930000e-05 -3.300000e-06
254400 6.930000e-05 -3.300000e-06
255000 6.930000e-05 -3.300000e-06
255600 6.930000e-05 -6.600000e-06
256200 6.930000e-05 -6.600000e-06
256800 6.930000e-05 -6.600000e-06
257400 6.930000e-05 -6.600000e-06
258000 6.930000e-05 -6.600000e-06
258600 6.930000e-05 -6.600000e-06
259200 6.930000e-05 -6.600000e-06
259800 6.930000e-05 -6.600000e-06
260400 6.930000e-05 -6.600000e-06
261000 6.930000e-05 -6.600000e-06
261600 6.930000e-05 -6.600000e-06
262200 6.930000e-05 -6.600000e-06
262800 6.930000e-05 -6.600000e-06
263400 6.930000e-05 -6.600000e-06
264000 6.930000e-05 -6.600000e-06
264600 6.930000e-05 -6.600000e-06
265200 6.930000e-05 -6.600000e-06
265800 6.930000e-05 -6.600000e-06
266400 6.930000e-05 -6.600000e-06
267000 6.930000e-05 -6.600000e-06
267600 6.930000e-05 -6.600000e-06
268200 6.930000e-05 -6.600000e-06
268800 6.930000e-05 -6.600000e-06
269400 6.930000e-05 -6.600000e-06
270000 6.930000e-05 -6.600000e-06
270600 6.930000e-05 -6.600000e-06
271200 6.930000e-05 -6.600000e-06
271800 6.930000e-05 -6.600000e-06
272400 6.930000e-05 -6.600000e-06
273000 6.930000e-05 -6.600000e-06
273600 6.930000e-05 -6.600000e-06
274200 6.930000e-05 -6.600000e-06
274800 6.930000e-05 -6.600000e-06
275400 6.930000e-05 -6.600000e-06
276000 6.930000e-05 -6.600000e-06
276600 6.435000e-05 -3.300000e-06
277200 7.095000e-05 -1.650000e-06
277800 7.095000e-05 -1.650000e-06
278400 6.765000e-05 -3.300000e-06
279000 6.765000e-05 0
279600 6.765000e-05 0
280200 6.435000e-05 4.950000e-06
280800 6.930000e-05 3.300000e-06
281400 6.930000e-05 4.950000e-06
282000 6.930000e-05 4.950000e-06
282600 7.095000e-05 4.950000e-06
283200 7.095000e-05 6.600000e-06
283800 7.095000e-05 6.600000e-06
284400 7.095000e-05 6.600000e-06
285000 6.930000e-05 6.600000e-06
285600 6.930000e-05 8.250000e-06
286200 7.755000e-05 8.250000e-06
286800 7.425000e-05 1.155000e-05
287400 8.085000e-05 2.145000e-05
288000 7.425000e-05 1.980000e-05
288600 7.425000e-05 2.145000e-05
289200 8.250000e-05 3.300000e-05
289800 8.250000e-05 3.300000e-05
290400 8.085000e-05 2.805000e-05
291000 8.250000e-05 2.970000e-05
291600 8.250000e-05 3.465000e-05
292200 8.250000e-05 3.465000e-05
292800 8.250000e-05 3.795000e-05
293400 8.250000e-05 3.960000e-05
294000 7.755000e-05 4.290000e-05
294600 7.755000e-05 4.290000e-05
295200 7.755000e-05 4.125000e-05
295800 7.920000e-05 4.125000e-05
296400 7.920000e-05 4.125000e-05
297000 8.250000e-05 4.785000e-05
297600 8.250000e-05 4.785000e-05
298200 8.250000e-05 4.785000e-05
298800 8.085000e-05 5.115000e-05
299400 8.085000e-05 5.115000e-05
300000 7.590000e-05 5.445000e-05
300600 8.085000e-05 5.445000e-05
301200 8.085000e-05 5.445000e-05
301800 7.920000e-05 5.775000e-05
302400 8.085000e-05 6.765000e-05
303000 7.755000e-05 6.600000e-05
303600 9.075000e-05 6.600000e-05
304200 9.075000e-05 7.095000e-05
304800 8.910000e-05 7.095000e-05
305400 8.745000e-05 7.260000e-05
306000 8.745000e-05 7.095000e-05
306600 8.910000e-05 7.260000e-05
307200 8.910000e-05 7.095000e-05
307800 8.910000e-05 7.425000e-05
308400 9.075000e-05 7.590000e-05
309000 9.075000e-05 7.590000e-05
309600 9.075000e-05 7.590000e-05
310200 9.075000e-05 7.590000e-05
310800 9.075000e-05 7.590000e-05
311400 9.075000e-05 7.590000e-05
312000 9.240000e-05 8.580000e-05
312600 9.405000e-05 8.250000e-05
313200 9.570000e-05 8.910000e-05
313800 9.570000e-05 8.910000e-05
314400 9.570000e-05 8.910000e-05
315000 9.735000e-05 9.405000e-05
315600 9.735000e-05 9.570000e-05
316200 9.735000e-05 1.006500e-04
316800 9.900000e-05 1.023000e-04
317400 1.006500e-04 1.039500e-04
318000 1.006500e-04 1.056000e-04
318600 1.006500e-04 1.105500e-04
319200 9.900000e-05 1.089000e-04
319800 9.900000e-05 1.072500e-04
320400 9.900000e-05 1.023000e-04
321000 9.900000e-05 1.072500e-04
