0 3.052500e-05 -3.300000e-05
600 3.217500e-05 -3.300000e-05
1200 3.217500e-05 -3.135000e-05
1800 3.382500e-05 -2.970000e-05
2400 3.382500e-05 -3.135000e-05
3000 3.547500e-05 -3.135000e-05
3600 4.207500e-05 -2.640000e-05
4200 4.207500e-05 -2.805000e-05
4800 4.042500e-05 -2.805000e-05
5400 4.372500e-05 -2.970000e-05
6000 4.537500e-05 -2.805000e-05
6600 4.537500e-05 -2.970000e-05
7200 4.372500e-05 -2.475000e-05
7800 4.372500e-05 -2.475000e-05
8400 5.032500e-05 -2.640000e-05
9000 4.702500e-05 -2.475000e-05
9600 4.867500e-05 -2.640000e-05
10200 4.867500e-05 -2.805000e-05
10800 5.197500e-05 -2.310000e-05
11400 5.527500e-05 -2.310000e-05
12000 5.197500e-05 -2.310000e-05
12600 5.197500e-05 -2.805000e-05
13200 5.362500e-05 -2.475000e-05
13800 5.527500e-05 -2.475000e-05
14400 5.527500e-05 -2.640000e-05
15000 5.692500e-05 -2.145000e-05
15600 5.527500e-05 -2.640000e-05
16200 5.362500e-05 -2.475000e-05
16800 5.362500e-05 -2.310000e-05
17400 5.362500e-05 -2.310000e-05
18000 5.692500e-05 -2.475000e-05
18600 5.692500e-05 -2.310000e-05
19200 6.187500e-05 -2.475000e-05
19800 5.857500e-05 -2.640000e-05
20400 5.692500e-05 -2.310000e-05
21000 5.692500e-05 -2.310000e-05
21600 5.857500e-05 -2.310000e-05
22200 5.692500e-05 -2.310000e-05
22800 5.362500e-05 -2.310000e-05
23400 5.527500e-05 -2.310000e-05
24000 5.197500e-05 -2.475000e-05
24600 5.197500e-05 -2.475000e-05
25200 5.197500e-05 -2.475000e-05
25800 5.362500e-05 -2.310000e-05
26400 5.362500e-05 -2.475000e-05
27000 5.362500e-05 -2.475000e-05
27600 5.362500e-05 -2.475000e-05
28200 5.362500e-05 -2.475000e-05
28800 5.610000e-05 -2.145000e-05
29400 5.445000e-05 -2.145000e-05
30000 5.115000e-05 -2.145000e-05
30600 5.610000e-05 -1.980000e-05
31200 5.445000e-05 -2.310000e-05
31800 5.280000e-05 -2.145000e-05
32400 5.445000e-05 -2.310000e-05
33000 5.445000e-05 -2.145000e-05
33600 5.775000e-05 -2.145000e-05
34200 5.940000e-05 -2.145000e-05
34800 5.610000e-05 -2.310000e-05
35400 5.445000e-05 -2.145000e-05
36000 5.610000e-05 -2.145000e-05
36600 5.775000e-05 -1.815000e-05
37200 5.775000e-05 -2.145000e-05
37800 5.610000e-05 -1.815000e-05
38400 5.610000e-05 -2.145000e-05
39000 5.775000e-05 -1.650000e-05
39600 5.940000e-05 -2.145000e-05
40200 6.105000e-05 -1.980000e-05
40800 5.940000e-05 -2.145000e-05
41400 5.940000e-05 -2.640000e-05
42000 5.940000e-05 -1.980000e-05
42600 5.940000e-05 -1.815000e-05
43200 6.270000e-05 -2.640000e-05
43800 6.270000e-05 -2.145000e-05
44400 6.270000e-05 -1.980000e-05
45000 6.270000e-05 -1.815000e-05
45600 6.600000e-05 -1.980000e-05
46200 6.930000e-05 -2.145000e-05
46800 6.765000e-05 -1.815000e-05
47400 6.765000e-05 -2.145000e-05
48000 6.930000e-05 -1.980000e-05
48600 6.600000e-05 -2.475000e-05
49200 6.600000e-05 -1.980000e-05
49800 6.765000e-05 -1.980000e-05
50400 7.260000e-05 -1.815000e-05
51000 7.095000e-05 -1.980000e-05
51600 7.260000e-05 -2.475000e-05
52200 7.425000e-05 -2.640000e-05
52800 7.590000e-05 -1.980000e-05
53400 7.837500e-05 -2.145000e-05
54000 7.837500e-05 -1.980000e-05
54600 8.002500e-05 -1.815000e-05
55200 7.837500e-05 -1.980000e-05
55800 7.837500e-05 -1.815000e-05
56400 8.002500e-05 -1.815000e-05
57000 7.837500e-05 -2.310000e-05
57600 7.837500e-05 -1.815000e-05
58200 7.837500e-05 -1.980000e-05
58800 8.002500e-05 -2.970000e-05
59400 8.002500e-05 -2.805000e-05
60000 8.167500e-05 -2.805000e-05
60600 7.837500e-05 -2.640000e-05
61200 7.260000e-05 -2.310000e-05
61800 7.425000e-05 -2.475000e-05
62400 7.590000e-05 -2.475000e-05
63000 7.920000e-05 -2.310000e-05
63600 8.415000e-05 -2.970000e-05
64200 7.590000e-05 -2.805000e-05
64800 7.590000e-05 -2.640000e-05
65400 7.260000e-05 -2.640000e-05
66000 7.755000e-05 -2.640000e-05
66600 7.755000e-05 -2.970000e-05
67200 7.920000e-05 -2.805000e-05
67800 7.755000e-05 -2.805000e-05
68400 7.920000e-05 -2.805000e-05
69000 7.755000e-05 -2.640000e-05
69600 7.590000e-05 -2.640000e-05
70200 7.755000e-05 -2.805000e-05
70800 7.755000e-05 -2.640000e-05
71400 7.755000e-05 -2.805000e-05
72000 7.920000e-05 -3.135000e-05
72600 7.755000e-05 -3.135000e-05
73200 7.755000e-05 -2.805000e-05
73800 7.590000e-05 -2.640000e-05
74400 7.590000e-05 -2.640000e-05
75000 7.590000e-05 -2.640000e-05
75600 7.590000e-05 -2.640000e-05
76200 7.590000e-05 -2.640000e-05
76800 7.095000e-05 -2.475000e-05
77400 6.600000e-05 -2.310000e-05
78000 8.085000e-05 -2.887500e-05
78600 7.590000e-05 -2.722500e-05
79200 7.260000e-05 -2.887500e-05
79800 7.590000e-05 -2.557500e-05
80400 7.920000e-05 -2.557500e-05
81000 7.920000e-05 -2.722500e-05
81600 7.590000e-05 -2.392500e-05
82200 7.755000e-05 -2.557500e-05
82800 7.755000e-05 -3.052500e-05
83400 7.920000e-05 -2.887500e-05
84000 7.920000e-05 -2.722500e-05
84600 7.920000e-05 -2.722500e-05
85200 7.920000e-05 -2.722500e-05
85800 7.920000e-05 -2.722500e-05
86400 7.920000e-05 -2.722500e-05
87000 7.920000e-05 -2.722500e-05
87600 7.920000e-05 -2.722500e-05
88200 7.920000e-05 -2.722500e-05
88800 7.920000e-05 -2.722500e-05
89400 7.920000e-05 -2.722500e-05
90000 7.920000e-05 -2.722500e-05
90600 7.920000e-05 -2.722500e-05
91200 7.920000e-05 -2.722500e-05
91800 7.920000e-05 -2.722500e-05
92400 8.415000e-05 -3.052500e-05
93000 8.085000e-05 -3.217500e-05
93600 8.085000e-05 -2.887500e-05
94200 8.250000e-05 -3.217500e-05
94800 8.580000e-05 -3.217500e-05
95400 8.415000e-05 -2.887500e-05
96000 8.415000e-05 -3.547500e-05
96600 8.415000e-05 -3.547500e-05
97200 8.415000e-05 -3.052500e-05
97800 8.745000e-05 -2.887500e-05
98400 8.745000e-05 -3.547500e-05
99000 8.415000e-05 -3.217500e-05
99600 8.415000e-05 -3.382500e-05
100200 8.415000e-05 -3.382500e-05
100800 8.415000e-05 -3.052500e-05
101400 8.250000e-05 -3.052500e-05
102000 9.735000e-05 -3.217500e-05
102600 9.900000e-05 -3.052500e-05
103200 9.735000e-05 -2.722500e-05
103800 9.405000e-05 -3.217500e-05
104400 9.735000e-05 -2.887500e-05
105000 1.006500e-04 -2.722500e-05
105600 9.900000e-05 -3.052500e-05
106200 9.900000e-05 -3.052500e-05
106800 9.735000e-05 -2.887500e-05
107400 9.570000e-05 -2.722500e-05
108000 9.570000e-05 -3.052500e-05
108600 9.240000e-05 -3.052500e-05
109200 9.735000e-05 -3.052500e-05
109800 9.735000e-05 -3.052500e-05
110400 9.735000e-05 -3.217500e-05
111000 9.735000e-05 -3.052500e-05
111600 9.405000e-05 -2.887500e-05
112200 9.900000e-05 -2.887500e-05
112800 9.900000e-05 -3.052500e-05
113400 9.735000e-05 -3.382500e-05
114000 9.900000e-05 -3.217500e-05
114600 9.735000e-05 -2.887500e-05
115200 1.006500e-04 -2.887500e-05
115800 9.735000e-05 -2.887500e-05
116400 9.735000e-05 -2.887500e-05
117000 1.006500e-04 -2.887500e-05
117600 9.900000e-05 -3.052500e-05
118200 9.900000e-05 -3.052500e-05
118800 9.900000e-05 -3.052500e-05
119400 9.900000e-05 -3.052500e-05
120000 9.900000e-05 -3.052500e-05
120600 9.900000e-05 -3.052500e-05
121200 9.900000e-05 -3.052500e-05
121800 9.900000e-05 -3.052500e-05
122400 9.900000e-05 -3.052500e-05
123000 9.900000e-05 -3.052500e-05
123600 1.023000e-04 -2.557500e-05
124200 9.900000e-05 -2.227500e-05
124800 1.039500e-04 -3.052500e-05
125400 1.056000e-04 -2.722500e-05
126000 9.900000e-05 -3.217500e-05
126600 1.006500e-04 -3.052500e-05
127200 1.023000e-04 -2.557500e-05
127800 1.023000e-04 -2.887500e-05
128400 1.023000e-04 -2.887500e-05
129000 1.039500e-04 -2.557500e-05
129600 1.039500e-04 -2.557500e-05
130200 1.023000e-04 -3.217500e-05
130800 1.105500e-04 -3.052500e-05
131400 1.122000e-04 -2.887500e-05
132000 1.155000e-04 -3.877500e-05
132600 1.155000e-04 -3.877500e-05
133200 1.155000e-04 -3.877500e-05
133800 1.138500e-04 -4.042500e-05
134400 1.171500e-04 -4.372500e-05
135000 1.122000e-04 -3.547500e-05
135600 1.122000e-04 -3.877500e-05
136200 1.122000e-04 -3.547500e-05
136800 1.196250e-04 -3.795000e-05
137400 1.179750e-04 -3.960000e-05
138000 1.196250e-04 -4.125000e-05
138600 1.212750e-04 -4.125000e-05
139200 1.229250e-04 -4.455000e-05
139800 1.229250e-04 -4.455000e-05
140400 1.245750e-04 -4.455000e-05
141000 1.278750e-04 -3.960000e-05
141600 1.278750e-04 -3.960000e-05
142200 1.262250e-04 -4.125000e-05
142800 1.262250e-04 -4.125000e-05
143400 1.262250e-04 -3.795000e-05
144000 1.254000e-04 -4.620000e-05
144600 1.287000e-04 -4.125000e-05
145200 1.287000e-04 -4.125000e-05
145800 1.287000e-04 -4.125000e-05
146400 1.287000e-04 -4.125000e-05
147000 1.287000e-04 -4.125000e-05
147600 1.287000e-04 -4.125000e-05
148200 1.287000e-04 -4.125000e-05
148800 1.287000e-04 -4.125000e-05
149400 1.287000e-04 -4.125000e-05
150000 1.270500e-04 -4.125000e-05
150600 1.270500e-04 -4.125000e-05
151200 1.270500e-04 -4.125000e-05
151800 1.270500e-04 -4.125000e-05
152400 1.287000e-04 -3.960000e-05
153000 1.287000e-04 -3.960000e-05
153600 1.287000e-04 -3.960000e-05
154200 1.287000e-04 -3.960000e-05
154800 1.287000e-04 -3.960000e-05
155400 1.287000e-04 -3.960000e-05
156000 1.287000e-04 -3.960000e-05
156600 1.287000e-04 -3.960000e-05
157200 1.287000e-04 -3.960000e-05
157800 1.287000e-04 -3.960000e-05
158400 1.287000e-04 -3.960000e-05
159000 1.287000e-04 -3.960000e-05
159600 1.287000e-04 -3.960000e-05
160200 1.287000e-04 -3.960000e-05
160800 1.287000e-04 -3.960000e-05
161400 1.287000e-04 -3.960000e-05
162000 1.287000e-04 -3.960000e-05
162600 1.287000e-04 -3.960000e-05
163200 1.287000e-04 -3.960000e-05
163800 1.287000e-04 -3.960000e-05
164400 1.287000e-04 -3.960000e-05
165000 1.287000e-04 -3.960000e-05
165600 1.287000e-04 -3.960000e-05
166200 1.287000e-04 -3.960000e-05
166800 1.287000e-04 -3.960000e-05
167400 1.287000e-04 -3.960000e-05
168000 1.287000e-04 -3.960000e-05
168600 1.287000e-04 -3.960000e-05
169200 1.287000e-04 -3.960000e-05
169800 1.287000e-04 -3.960000e-05
170400 1.287000e-04 -3.960000e-05
171000 1.287000e-04 -3.960000e-05
171600 1.287000e-04 -3.960000e-05
172200 1.287000e-04 -3.960000e-05
172800 1.287000e-04 -3.960000e-05
173400 1.287000e-04 -3.960000e-05
174000 1.287000e-04 -3.960000e-05
174600 1.287000e-04 -3.960000e-05
175200 1.287000e-04 -3.960000e-05
175800 1.287000e-04 -3.960000e-05
176400 1.287000e-04 -3.960000e-05
177000 1.287000e-04 -3.960000e-05
177600 1.336500e-04 -3.630000e-05
178200 1.336500e-04 -3.960000e-05
178800 1.353000e-04 -3.630000e-05
179400 1.353000e-04 -3.630000e-05
180000 1.353000e-04 -3.795000e-05
180600 1.402500e-04 -3.465000e-05
181200 1.386000e-04 -3.465000e-05
181800 1.402500e-04 -3.465000e-05
182400 1.369500e-04 -3.465000e-05
183000 1.353000e-04 -3.630000e-05
183600 1.353000e-04 -3.465000e-05
184200 1.353000e-04 -3.465000e-05
184800 1.353000e-04 -3.630000e-05
185400 1.369500e-04 -3.795000e-05
186000 1.402500e-04 -3.465000e-05
186600 1.386000e-04 -3.300000e-05
187200 1.419000e-04 -3.300000e-05
187800 1.419000e-04 -3.300000e-05
188400 1.435500e-04 -4.125000e-05
189000 1.452000e-04 -3.795000e-05
189600 1.419000e-04 -3.300000e-05
190200 1.468500e-04 -3.135000e-05
190800 1.419000e-04 -3.465000e-05
191400 1.452000e-04 -2.805000e-05
192000 1.468500e-04 -2.970000e-05
192600 1.452000e-04 -3.465000e-05
193200 1.419000e-04 -3.465000e-05
193800 1.419000e-04 -3.135000e-05
194400 1.419000e-04 -3.135000e-05
195000 1.419000e-04 -3.135000e-05
195600 1.419000e-04 -3.135000e-05
196200 1.419000e-04 -3.135000e-05
196800 1.419000e-04 -3.135000e-05
197400 1.419000e-04 -3.135000e-05
198000 1.419000e-04 -3.135000e-05
198600 1.419000e-04 -3.135000e-05
199200 1.419000e-04 -3.135000e-05
199800 1.419000e-04 -3.135000e-05
200400 1.419000e-04 -3.135000e-05
201000 1.435500e-04 -3.300000e-05
201600 1.452000e-04 -3.135000e-05
202200 1.452000e-04 -3.135000e-05
202800 1.452000e-04 -3.135000e-05
203400 1.452000e-04 -3.135000e-05
204000 1.386000e-04 -2.970000e-05
204600 1.386000e-04 -3.300000e-05
205200 1.402500e-04 -3.135000e-05
205800 1.452000e-04 -3.630000e-05
206400 1.419000e-04 -3.135000e-05
207000 1.419000e-04 -3.135000e-05
207600 1.419000e-04 -3.135000e-05
208200 1.419000e-04 -3.135000e-05
208800 1.452000e-04 -3.135000e-05
209400 1.452000e-04 -3.135000e-05
210000 1.452000e-04 -3.135000e-05
210600 1.468500e-04 -3.135000e-05
211200 1.567500e-04 -2.475000e-05
211800 1.551000e-04 -2.145000e-05
212400 1.518000e-04 -3.465000e-05
213000 1.501500e-04 -3.300000e-05
213600 1.534500e-04 -3.135000e-05
214200 1.567500e-04 -2.805000e-05
214800 1.534500e-04 -2.970000e-05
215400 1.534500e-04 -2.970000e-05
216000 1.551000e-04 -3.135000e-05
216600 1.518000e-04 -3.135000e-05
217200 1.534500e-04 -3.135000e-05
217800 1.501500e-04 -3.135000e-05
218400 1.501500e-04 -3.135000e-05
219000 1.534500e-04 -2.970000e-05
219600 1.534500e-04 -2.970000e-05
220200 1.534500e-04 -2.970000e-05
220800 1.534500e-04 -2.970000e-05
221400 1.551000e-04 -2.970000e-05
222000 1.551000e-04 -2.970000e-05
222600 1.584000e-04 -2.970000e-05
223200 1.584000e-04 -2.640000e-05
223800 1.600500e-04 -2.970000e-05
224400 1.584000e-04 -2.970000e-05
225000 1.551000e-04 -2.970000e-05
225600 1.584000e-04 -2.970000e-05
226200 1.584000e-04 -2.805000e-05
226800 1.584000e-04 -2.805000e-05
227400 1.584000e-04 -3.135000e-05
228000 1.633500e-04 -2.970000e-05
228600 1.633500e-04 -2.640000e-05
229200 1.633500e-04 -3.135000e-05
229800 1.666500e-04 -3.300000e-05
230400 1.666500e-04 -3.135000e-05
231000 1.650000e-04 -2.805000e-05
231600 1.650000e-04 -3.135000e-05
232200 1.633500e-04 -3.135000e-05
232800 1.633500e-04 -3.135000e-05
233400 1.666500e-04 -2.805000e-05
234000 1.650000e-04 -3.135000e-05
234600 1.666500e-04 -3.300000e-05
235200 1.666500e-04 -2.970000e-05
235800 1.699500e-04 -2.805000e-05
236400 1.716000e-04 -2.640000e-05
237000 1.732500e-04 -2.640000e-05
237600 1.732500e-04 -2.805000e-05
238200 1.732500e-04 -2.805000e-05
238800 1.716000e-04 -2.145000e-05
239400 1.683000e-04 -2.145000e-05
240000 1.683000e-04 -2.145000e-05
240600 1.782000e-04 -2.310000e-05
241200 1.749000e-04 -2.970000e-05
241800 1.749000e-04 -2.805000e-05
242400 1.749000e-04 -1.650000e-05
243000 1.716000e-04 -1.980000e-05
243600 1.716000e-04 -2.475000e-05
244200 1.782000e-04 -2.475000e-05
244800 1.765500e-04 -2.145000e-05
245400 1.749000e-04 -2.145000e-05
246000 1.765500e-04 -1.980000e-05
246600 1.782000e-04 -1.815000e-05
247200 1.765500e-04 -2.310000e-05
247800 1.798500e-04 -2.145000e-05
248400 1.798500e-04 -1.980000e-05
249000 1.765500e-04 -2.145000e-05
249600 1.831500e-04 -2.310000e-05
250200 1.798500e-04 -2.145000e-05
250800 1.798500e-04 -2.475000e-05
251400 1.798500e-04 -2.475000e-05
252000 1.815000e-04 -2.640000e-05
252600 1.864500e-04 -2.310000e-05
253200 1.848000e-04 -2.310000e-05
253800 1.815000e-04 -2.145000e-05
254400 1.848000e-04 -2.640000e-05
255000 1.881000e-04 -2.475000e-05
255600 1.864500e-04 -2.145000e-05
256200 1.897500e-04 -2.310000e-05
256800 1.848000e-04 -2.805000e-05
257400 1.848000e-04 -2.475000e-05
258000 1.848000e-04 -2.145000e-05
258600 1.897500e-04 -2.145000e-05
259200 1.881000e-04 -2.145000e-05
259800 1.848000e-04 -2.145000e-05
260400 1.864500e-04 -1.980000e-05
261000 1.864500e-04 -1.815000e-05
261600 1.864500e-04 -2.475000e-05
262200 1.831500e-04 -2.145000e-05
262800 1.831500e-04 -2.145000e-05
263400 1.848000e-04 -1.980000e-05
264000 1.848000e-04 -1.980000e-05
264600 1.815000e-04 -2.805000e-05
265200 1.848000e-04 -2.145000e-05
265800 1.831500e-04 -1.815000e-05
266400 1.831500e-04 -2.640000e-05
267000 1.848000e-04 -2.145000e-05
267600 1.831500e-04 -2.145000e-05
268200 1.782000e-04 -2.145000e-05
268800 1.815000e-04 -2.145000e-05
269400 1.815000e-04 -2.310000e-05
270000 1.815000e-04 -2.145000e-05
270600 1.815000e-04 -2.145000e-05
271200 1.815000e-04 -2.145000e-05
271800 1.815000e-04 -2.145000e-05
272400 1.815000e-04 -2.145000e-05
273000 1.815000e-04 -2.475000e-05
273600 1.815000e-04 -2.475000e-05
274200 1.815000e-04 -2.145000e-05
274800 1.815000e-04 -2.145000e-05
275400 1.831500e-04 -2.310000e-05
276000 1.831500e-04 -2.145000e-05
276600 1.831500e-04 -2.475000e-05
277200 1.831500e-04 -2.475000e-05
277800 1.815000e-04 -2.640000e-05
278400 1.782000e-04 -2.310000e-05
279000 1.798500e-04 -2.475000e-05
279600 1.798500e-04 -2.310000e-05
280200 1.815000e-04 -2.310000e-05
280800 1.749000e-04 -2.310000e-05
281400 1.798500e-04 -2.310000e-05
282000 1.815000e-04 -2.310000e-05
282600 1.782000e-04 -2.805000e-05
283200 1.815000e-04 -2.310000e-05
283800 1.765500e-04 -2.640000e-05
284400 1.782000e-04 -2.475000e-05
285000 1.732500e-04 -2.475000e-05
285600 1.765500e-04 -2.640000e-05
286200 1.782000e-04 -2.640000e-05
286800 1.798500e-04 -2.310000e-05
287400 1.782000e-04 -2.310000e-05
288000 1.749000e-04 -2.310000e-05
288600 1.683000e-04 -2.640000e-05
289200 1.716000e-04 -2.475000e-05
289800 1.732500e-04 -2.805000e-05
290400 1.732500e-04 -2.475000e-05
291000 1.732500e-04 -2.310000e-05
291600 1.749000e-04 -2.310000e-05
292200 1.749000e-04 -2.475000e-05
292800 1.765500e-04 -2.145000e-05
293400 1.749000e-04 -2.310000e-05
294000 1.765500e-04 -2.475000e-05
294600 1.782000e-04 -2.145000e-05
295200 1.815000e-04 -2.475000e-05
295800 1.782000e-04 -2.640000e-05
296400 1.765500e-04 -1.980000e-05
297000 1.732500e-04 -2.475000e-05
297600 1.716000e-04 -2.475000e-05
298200 1.782000e-04 -2.475000e-05
298800 1.765500e-04 -2.310000e-05
299400 1.765500e-04 -2.310000e-05
300000 1.765500e-04 -2.310000e-05
300600 1.765500e-04 -2.310000e-05
301200 1.782000e-04 -2.310000e-05
301800 1.798500e-04 -2.475000e-05
302400 1.749000e-04 -2.805000e-05
303000 1.765500e-04 -2.970000e-05
303600 1.732500e-04 -2.475000e-05
304200 1.716000e-04 -2.310000e-05
304800 1.716000e-04 -2.310000e-05
305400 1.749000e-04 -2.310000e-05
306000 1.782000e-04 -2.475000e-05
306600 1.782000e-04 -2.475000e-05
307200 1.782000e-04 -2.475000e-05
307800 1.782000e-04 -2.475000e-05
308400 1.782000e-04 -2.475000e-05
309000 1.782000e-04 -2.475000e-05
309600 1.782000e-04 -2.475000e-05
310200 1.782000e-04 -2.475000e-05
310800 1.782000e-04 -2.475000e-05
311400 1.782000e-04 -2.475000e-05
312000 1.782000e-04 -2.475000e-05
312600 1.782000e-04 -2.475000e-05
313200 1.782000e-04 -2.475000e-05
313800 1.782000e-04 -2.475000e-05
314400 1.782000e-04 -2.475000e-05
315000 1.782000e-04 -2.475000e-05
315600 1.782000e-04 -2.475000e-05
316200 1.782000e-04 -2.475000e-05
316800 1.782000e-04 -2.475000e-05
317400 1.782000e-04 -2.475000e-05
318000 1.782000e-04 -2.475000e-05
318600 1.782000e-04 -2.475000e-05
319200 1.782000e-04 -2.475000e-05
319800 1.798500e-04 -2.640000e-05
