6002.000000 4.097372e-09 3.349998e-04
7202.000000 9.468940e-09 3.399166e-04
7802.000000 4.345898e-09 3.455980e-04
9002.000000 -7.006033e-10 3.508130e-04
9602.000000 7.545552e-09 3.503927e-04
10202.000000 5.893264e-09 3.549200e-04
11402.000000 1.147445e-09 3.619919e-04
16202.000000 -9.179560e-09 3.674997e-04
16802.000000 -1.413659e-09 3.619919e-04
18602.000000 1.323836e-09 3.594474e-04
23402.000000 1.185669e-09 3.658018e-04
28802.000000 2.222823e-09 3.722044e-04
29402.000000 1.969169e-09 3.735381e-04
30002.000000 2.088177e-09 3.747196e-04
31802.000000 1.391331e-08 3.784783e-04
32402.000000 -2.126781e-09 3.868263e-04
33002.000000 1.612030e-09 3.855502e-04
35402.000000 -6.448121e-09 3.894191e-04
36002.000000 6.518185e-10 3.855502e-04
52202.000000 1.590742e-09 3.961097e-04
57602.000000 1.019951e-09 4.046997e-04
68402.000000 1.065355e-09 4.157151e-04
72002.000000 4.301626e-09 4.195504e-04
74402.000000 3.319615e-09 4.298743e-04
75002.000000 6.679754e-09 4.318661e-04
75602.000000 1.021327e-09 4.358739e-04
82202.000000 6.403598e-10 4.426147e-04
93602.000000 1.111245e-09 4.499148e-04
102602.000000 1.004679e-09 4.599160e-04
114002.000000 1.687237e-09 4.713694e-04
120002.000000 1.673407e-09 4.814928e-04
124202.000000 1.486301e-09 4.885211e-04
130202.000000 1.333878e-09 4.974389e-04
135002.000000 -7.114015e-10 5.038415e-04
144002.000000 0 4.974389e-04
