25571.580000 1.535262e-09 3.839420e-04
27235.140000 1.316786e-09 3.864960e-04
28898.280000 1.053695e-09 3.886860e-04
29937.480000 1.316739e-09 3.897810e-04
31600.680000 5.856680e-10 3.919710e-04
33470.340000 5.271367e-10 3.930660e-04
35547.600000 1.757782e-10 3.941610e-04
37624.080000 3.899981e-10 3.945260e-04
39493.320000 5.271367e-10 3.952550e-04
41570.580000 7.807153e-10 3.963500e-04
43440.660000 1.016770e-09 3.978100e-04
47389.440000 1.316739e-09 4.018250e-04
49052.640000 5.165237e-10 4.040150e-04
52583.940000 -1.953857e-10 4.058390e-04
54452.040000 -1.319756e-09 4.054740e-04
56110.680000 -1.761350e-09 4.032850e-04
60048.000000 -1.760408e-09 3.963500e-04
61498.800000 -2.013515e-09 3.937960e-04
62949.000000 -2.055180e-09 3.908760e-04
64192.200000 -9.777135e-10 3.883210e-04
66058.800000 -7.821708e-10 3.864960e-04
67925.400000 -5.857158e-10 3.850360e-04
69793.200000 -3.517394e-10 3.839420e-04
71868.600000 0 3.832120e-04
73944.600000 0 3.832120e-04
76020.600000 0 3.832120e-04
78096.600000 0 3.832120e-04
80172.600000 0 3.832120e-04
82249.200000 0 3.832120e-04
84325.200000 0 3.832120e-04
86401.200000 0 3.832120e-04
88477.200000 0 3.832120e-04
90138.000000 0 3.832120e-04
92214.600000 0 3.832120e-04
94290.600000 0 3.832120e-04
96366.600000 0 3.832120e-04
98442.600000 3.514346e-10 3.832120e-04
100519.800000 3.905832e-10 3.839420e-04
102388.800000 3.509532e-10 3.846720e-04
104466.000000 7.809157e-10 3.854010e-04
106335.600000 5.856868e-10 3.868610e-04
108205.200000 5.854989e-10 3.879560e-04
110075.400000 1.758189e-10 3.890510e-04
112151.400000 -3.517394e-10 3.894160e-04
114226.800000 -1.953543e-10 3.886860e-04
116095.200000 -1.758697e-10 3.883210e-04
118170.600000 6.586070e-10 3.879560e-04
119833.200000 7.809157e-10 3.890510e-04
121702.800000 1.316739e-09 3.905110e-04
123366.000000 9.755185e-10 3.927010e-04
125236.800000 1.316138e-09 3.945260e-04
126900.000000 1.097678e-09 3.967150e-04
128562.600000 6.693256e-10 3.985400e-04
132925.200000 7.806652e-10 4.014600e-04
134795.400000 9.758315e-10 4.029200e-04
136665.600000 1.503847e-09 4.047450e-04
138121.200000 1.535641e-09 4.069340e-04
139785.000000 2.338619e-09 4.094890e-04
141033.600000 2.804035e-09 4.124090e-04
142074.600000 3.153802e-09 4.153280e-04
143116.200000 3.153802e-09 4.186130e-04
144157.800000 3.937650e-09 4.218980e-04
144991.800000 5.249281e-09 4.251820e-04
145617.600000 4.373353e-09 4.284670e-04
146452.200000 3.940485e-09 4.321170e-04
147285.600000 5.244253e-09 4.354010e-04
147912.000000 5.821372e-09 4.386860e-04
148539.000000 5.247683e-09 4.423360e-04
149164.800000 4.996578e-09 4.456200e-04
150625.800000 5.242656e-09 4.529200e-04
151252.200000 5.826948e-09 4.562040e-04
151878.600000 5.244253e-09 4.598540e-04
152505.000000 4.375300e-09 4.631390e-04
153339.000000 5.243721e-09 4.667880e-04
155218.200000 3.941685e-09 4.766420e-04
156051.600000 5.821372e-09 4.799270e-04
156678.600000 3.937650e-09 4.835770e-04
157512.600000 5.249281e-09 4.868610e-04
158138.400000 4.373353e-09 4.901460e-04
158973.000000 3.940485e-09 4.937960e-04
